2	4	0.05811	0.17632	0.034	605.23	0.0	0.0	1		0	1	-60.0	60.0	7.226588437e6
4	9	0		0.55618	0		202.02	0.0	0.0	0.969	0	1	-60.0	60.0	7.226588437e6
6	12	0.12291	0.25581	0		395.9	0.0	0.0	1		0	1	-60.0	60.0	7.226588437e6
2	5	0.05695	0.17388	0.0346	614.09	0.0	0.0	1		0	1	-60.0	60.0	7.226588437e6
2	3	0.04699	0.19797	0.0438	552.22	0.0	0.0	1		0	1	-60.0	60.0	7.226588437e6
1	5	0.05403	0.22304	0.0492	489.61	0.0	0.0	1		0	1	-60.0	60.0	7.226588437e6
7	9	0		0.11001	0		1021.36	0.0	0.0	1		0	1	-60.0	60.0	7.226588437e6
4	5	0.01335	0.04211	0		2543.49	0.0	0.0	1		0	1	-60.0	60.0	7.226588437e6
6	11	0.09498	0.1989	0		509.77	0.0	0.0	1		0	1	-60.0	60.0	7.226588437e6
6	13	0.06615	0.13027	0		769.05	0.0	0.0	1		0	1	-60.0	60.0	7.226588437e6
4	7	0		0.20912	0		537.3	0.0	0.0	0.978	0	1	-60.0	60.0	7.226588437e6
12	13	0.22092	0.19988	0		377.15	0.0	0.0	1		0	1	-60.0	60.0	7.226588437e6
13	14	0.17093	0.34802	0		289.79	0.0	0.0	1		0	1	-60.0	60.0	7.226588437e6
1	2	0.01938	0.05917	0.0528	1804.6	0.0	0.0	1		0	1	-60.0	60.0	7.226588437e6
10	11	0.08205	0.19207	0		537.96	0.0	0.0	1		0	1	-60.0	60.0	7.226588437e6
7	8	0		0.17615	0		637.87	0.0	0.0	1		0	1	-60.0	60.0	7.226588437e6
9	10	0.03181	0.0845	0		1244.45	0.0	0.0	1		0	1	-60.0	60.0	7.226588437e6
3	4	0.06701	0.17103	0.0128	611.69	0.0	0.0	1		0	1	-60.0	60.0	7.226588437e6
9	14	0.12711	0.27038	0		376.08	0.0	0.0	1		0	1	-60.0	60.0	7.226588437e6
5	6	0		0.25202	0		445.84	0.0	0.0	0.932	0	1	-60.0	60.0	7.226588437e6

